0.005000	0.566217	978.999963	0.984942	2447.657794	2484.918766
0.015000	0.797150	970.544989	0.978852	2426.673477	2478.783323
0.025000	1.076187	960.411191	0.971531	2401.590581	2471.386966
0.035000	1.400909	948.731682	0.963063	2372.774233	2462.798569
0.045000	1.767541	935.690595	0.953570	2340.716059	2453.124255
0.055000	2.171492	921.499671	0.943196	2305.972942	2442.491759
0.065000	2.607928	906.374810	0.932087	2269.106723	2431.034710
0.075000	3.072161	890.520292	0.920384	2230.644104	2418.881984
0.085000	3.559882	874.119996	0.908214	2191.054775	2406.151583
0.095000	4.067262	857.333819	0.895688	2150.743060	2392.947910
0.105000	4.590982	840.297501	0.882902	2110.048271	2379.361259
0.115000	5.128200	823.124354	0.869938	2069.249888	2365.468604
0.125000	5.676505	805.907884	0.856862	2028.574916	2351.335022
0.135000	6.233857	788.724664	0.843731	1988.205760	2337.015345
0.145000	6.798530	771.637121	0.830591	1948.287750	2322.555805
0.155000	7.369050	754.696039	0.817480	1908.935862	2307.995556
0.165000	7.944154	737.942745	0.804431	1870.240524	2293.368019
0.175000	8.522741	721.410967	0.791471	1832.272516	2278.702062
0.185000	9.103837	705.128387	0.778623	1795.087052	2264.023009
0.195000	9.686558	689.117956	0.765907	1758.727174	2249.353522
0.205000	10.270088	673.398994	0.753339	1723.226586	2234.714377
0.215000	10.853643	657.988133	0.740936	1688.612036	2220.125161
0.225000	11.436453	642.900147	0.728712	1654.905373	2205.604936
0.235000	12.017731	628.148697	0.716681	1622.125368	2191.172890
0.245000	12.596646	613.747048	0.704857	1590.289398	2176.849012
0.255000	13.172295	599.708779	0.693255	1559.415087	2162.654835
0.265000	13.743664	586.048537	0.681891	1529.521985	2148.614288
0.275000	14.309588	572.782876	0.670783	1500.633397	2134.754714
0.285000	14.868694	559.931229	0.659951	1472.778455	2121.108107
0.295000	15.419342	547.517066	0.649421	1445.994555	2107.712664
0.305000	15.959533	535.569293	0.639222	1420.330261	2094.614699
0.315000	16.486816	524.123943	0.629391	1395.848780	2081.871026
0.325000	16.998161	513.226140	0.619973	1372.632005	2069.551795
0.335000	17.489821	502.932293	0.611024	1350.784969	2057.743733
0.345000	17.957195	493.312218	0.602613	1330.440163	2046.553400
0.355000	18.394719	484.450591	0.594824	1311.760461	2036.109673
0.365000	18.795870	476.446569	0.587752	1294.938278	2026.563808
0.375000	19.153379	469.409648	0.581504	1280.187050	2018.084374
0.385000	19.459833	463.449193	0.576188	1267.719806	2010.843362
0.395000	19.708782	458.655319	0.571892	1257.710099	2004.990062
0.405000	19.896363	455.071396	0.568665	1250.235851	2000.612907
0.415000	20.023049	452.664411	0.566483	1245.218828	1997.697924
0.425000	20.094734	451.306917	0.565235	1242.387775	1996.102845
0.435000	20.122245	450.786260	0.564734	1241.297417	1995.568423
0.445000	20.119049	450.845561	0.564751	1241.412693	1995.772625
0.455000	20.098111	451.239939	0.565066	1242.224483	1996.404859
0.465000	20.069402	451.781520	0.565512	1243.342426	1997.224927
0.475000	20.039081	452.354125	0.565986	1244.525238	1998.081572
0.485000	20.010179	452.900391	0.566439	1245.654025	1998.894725
0.495000	19.983773	453.399828	0.566856	1246.686882	1999.625095
0.505000	19.959974	453.850185	0.567243	1247.620395	2000.246346
0.515000	19.938535	454.256043	0.567615	1248.466329	2000.723868
0.525000	19.919138	454.623344	0.567996	1249.240838	2000.996955
0.535000	19.901508	454.957268	0.568424	1249.961023	2000.959156
0.545000	19.885436	455.261758	0.568954	1250.645361	2000.431971
0.555000	19.870763	455.539843	0.569673	1251.316549	1999.127818
0.565000	19.857348	455.794192	0.570713	1252.005663	1996.599060
0.575000	19.845042	456.027741	0.572275	1252.757658	1992.170295
0.585000	19.833694	456.243451	0.574656	1253.636447	1984.853787
0.595000	19.823182	456.443852	0.578288	1254.731203	1973.255443
0.605000	19.813425	456.630758	0.583781	1256.164961	1955.486767
0.615000	19.804367	456.805620	0.591990	1258.107074	1929.111199
0.625000	19.795942	456.970269	0.604085	1260.789908	1891.166704
0.635000	19.788061	457.127187	0.621665	1264.529876	1838.317316
0.645000	19.780649	457.278906	0.646903	1269.755384	1767.186005
0.655000	19.773682	457.427412	0.682770	1277.049538	1674.895822
0.665000	19.767147	457.574930	0.733395	1287.220822	1559.782581
0.675000	19.760989	457.725542	0.804640	1301.418405	1422.144532
0.685000	19.755175	457.884173	0.905053	1321.316460	1264.800029
0.695000	19.749860	458.053313	1.047507	1349.426989	1093.198696
0.705000	19.744947	458.244809	1.252133	1389.692087	914.928626
0.715000	19.740379	458.474452	1.552826	1448.740661	738.129306
0.725000	19.736566	458.727345	1.976130	1531.701411	580.335377
0.735000	19.731224	458.937896	2.476196	1629.362589	463.349670
0.745000	19.715337	458.659896	3.023839	1734.324637	379.203253
0.755000	19.655761	456.217835	3.577549	1831.635758	318.806111
0.765000	19.459492	446.346500	4.065115	1885.538596	274.498049
0.775000	18.885266	416.202971	4.347727	1815.822984	239.322152
0.785000	17.377740	341.933675	4.170905	1484.611242	204.951749
0.795000	13.790832	205.547857	3.268721	824.703828	157.208178
0.805000	6.895972	57.861051	1.910206	190.072014	75.726181
0.815000	0.733020	2.443890	1.107346	6.407223	5.517448
0.825000	0.002768	0.011320	1.001324	0.028304	0.028263
0.835000	0.000000	0.010000	1.000001	0.025000	0.025000
0.845000	0.000000	0.010000	1.000000	0.025000	0.025000
0.855000	0.000000	0.010000	1.000000	0.025000	0.025000
0.865000	0.000000	0.010000	1.000000	0.025000	0.025000
0.875000	0.000000	0.010000	1.000000	0.025000	0.025000
0.885000	0.000000	0.010000	1.000000	0.025000	0.025000
0.895000	0.000000	0.010000	1.000000	0.025000	0.025000
0.905000	0.000000	0.010000	1.000000	0.025000	0.025000
0.915000	0.000000	0.010000	1.000000	0.025000	0.025000
0.925000	0.000000	0.010000	1.000000	0.025000	0.025000
0.935000	0.000000	0.010000	1.000000	0.025000	0.025000
0.945000	0.000000	0.010000	1.000000	0.025000	0.025000
0.955000	0.000000	0.010000	1.000000	0.025000	0.025000
0.965000	0.000000	0.010000	1.000000	0.025000	0.025000
0.975000	0.000000	0.010000	1.000000	0.025000	0.025000
0.985000	0.000000	0.010000	1.000000	0.025000	0.025000
0.995000	0.000000	0.010000	1.000000	0.025000	0.025000
