0.005000	0.100000	1.000000	1.400000	2.507000	1.785715
0.015000	0.100000	1.000000	1.399999	2.507000	1.785715
0.025000	0.100000	1.000000	1.399999	2.507000	1.785715
0.035000	0.100000	1.000000	1.399999	2.507000	1.785715
0.045000	0.100000	1.000000	1.399999	2.507000	1.785715
0.055000	0.100000	1.000000	1.399999	2.507000	1.785716
0.065000	0.100000	1.000000	1.399998	2.507000	1.785716
0.075000	0.100000	1.000000	1.399998	2.507000	1.785717
0.085000	0.100000	1.000000	1.399997	2.507000	1.785718
0.095000	0.100000	1.000000	1.399996	2.507000	1.785719
0.105000	0.100000	1.000000	1.399995	2.507000	1.785721
0.115000	0.100000	1.000000	1.399993	2.507000	1.785724
0.125000	0.100000	1.000000	1.399990	2.507000	1.785727
0.135000	0.100000	1.000000	1.399986	2.507000	1.785732
0.145000	0.100000	1.000000	1.399982	2.507000	1.785738
0.155000	0.100000	1.000000	1.399975	2.507000	1.785746
0.165000	0.100000	1.000000	1.399967	2.507000	1.785756
0.175000	0.100000	1.000000	1.399956	2.507000	1.785770
0.185000	0.100000	1.000000	1.399942	2.507000	1.785788
0.195000	0.100000	1.000000	1.399924	2.507000	1.785811
0.205000	0.100000	1.000000	1.399901	2.507000	1.785841
0.215000	0.100000	1.000000	1.399871	2.506999	1.785879
0.225000	0.100000	1.000000	1.399833	2.506999	1.785927
0.235000	0.100000	1.000000	1.399785	2.506999	1.785989
0.245000	0.100000	1.000000	1.399724	2.506999	1.786067
0.255000	0.100000	1.000000	1.399647	2.506998	1.786165
0.265000	0.100000	1.000000	1.399551	2.506998	1.786287
0.275000	0.100000	1.000000	1.399432	2.506997	1.786439
0.285000	0.100000	1.000000	1.399285	2.506996	1.786627
0.295000	0.100000	1.000000	1.399104	2.506996	1.786858
0.305000	0.100000	1.000000	1.398882	2.506994	1.787142
0.315000	0.100000	1.000000	1.398611	2.506993	1.787487
0.325000	0.100000	1.000000	1.398283	2.506991	1.787906
0.335000	0.100000	1.000000	1.397888	2.506989	1.788412
0.345000	0.100000	1.000000	1.397414	2.506987	1.789019
0.355000	0.100000	1.000000	1.396847	2.506984	1.789745
0.365000	0.100000	1.000000	1.396174	2.506981	1.790608
0.375000	0.100000	1.000000	1.395379	2.506977	1.791629
0.385000	0.100000	1.000000	1.394443	2.506972	1.792830
0.395000	0.100000	1.000000	1.393349	2.506967	1.794239
0.405000	0.100000	1.000000	1.392075	2.506960	1.795880
0.415000	0.100000	1.000000	1.390600	2.506953	1.797785
0.425000	0.100000	1.000000	1.388900	2.506945	1.799985
0.435000	0.100000	1.000000	1.386952	2.506935	1.802513
0.445000	0.100000	1.000000	1.384731	2.506924	1.805404
0.455000	0.100000	1.000000	1.382212	2.506911	1.808695
0.465000	0.100000	1.000000	1.379369	2.506897	1.812423
0.475000	0.100000	1.000000	1.376177	2.506881	1.816626
0.485000	0.100000	1.000000	1.372613	2.506863	1.821344
0.495000	0.100000	1.000000	1.368653	2.506843	1.826613
0.505000	0.100000	1.000000	1.364277	2.506821	1.832472
0.515000	0.100000	1.000000	1.359466	2.506797	1.838957
0.525000	0.100000	1.000000	1.354206	2.506771	1.846101
0.535000	0.100000	1.000000	1.348483	2.506742	1.853935
0.545000	0.100000	1.000000	1.342290	2.506711	1.862489
0.555000	0.100000	1.000000	1.335624	2.506678	1.871784
0.565000	0.100000	1.000000	1.328486	2.506642	1.881841
0.575000	0.100000	1.000000	1.320883	2.506604	1.892673
0.585000	0.100000	1.000000	1.312827	2.506564	1.904288
0.595000	0.100000	1.000000	1.304334	2.506522	1.916687
0.605000	0.100000	1.000000	1.295428	2.506477	1.929865
0.615000	0.100000	1.000000	1.286136	2.506431	1.943807
0.625000	0.100000	1.000000	1.276491	2.506382	1.958494
0.635000	0.100000	1.000000	1.266531	2.506333	1.973896
0.645000	0.100000	1.000000	1.256297	2.506281	1.989976
0.655000	0.100000	1.000000	1.245833	2.506229	2.006690
0.665000	0.100000	1.000000	1.235187	2.506176	2.023985
0.675000	0.100000	1.000000	1.224409	2.506122	2.041802
0.685000	0.100000	1.000000	1.213549	2.506068	2.060073
0.695000	0.100000	1.000000	1.202660	2.506013	2.078726
0.705000	0.100000	1.000000	1.191791	2.505959	2.097683
0.715000	0.100000	1.000000	1.180994	2.505905	2.116861
0.725000	0.100000	1.000000	1.170316	2.505852	2.136174
0.735000	0.100000	1.000000	1.159805	2.505799	2.155534
0.745000	0.100000	1.000000	1.149504	2.505748	2.174851
0.755000	0.100000	1.000000	1.139453	2.505697	2.194036
0.765000	0.100000	1.000000	1.129688	2.505648	2.213000
0.775000	0.100000	1.000000	1.120243	2.505601	2.231659
0.785000	0.100000	1.000000	1.111145	2.505556	2.249931
0.795000	0.100000	1.000000	1.102419	2.505512	2.267740
0.805000	0.100000	1.000000	1.094085	2.505470	2.285014
0.815000	0.100000	1.000000	1.086158	2.505431	2.301690
0.825000	0.100000	1.000000	1.078650	2.505393	2.317712
0.835000	0.100000	1.000000	1.071568	2.505358	2.333030
0.845000	0.100000	1.000000	1.064916	2.505325	2.347604
0.855000	0.100000	1.000000	1.058693	2.505293	2.361401
0.865000	0.100000	1.000000	1.052899	2.505264	2.374397
0.875000	0.100000	1.000000	1.047526	2.505238	2.386574
0.885000	0.100000	1.000000	1.042569	2.505213	2.397922
0.895000	0.100000	1.000000	1.038018	2.505190	2.408435
0.905000	0.100000	1.000000	1.033865	2.505169	2.418112
0.915000	0.100000	1.000000	1.030098	2.505150	2.426953
0.925000	0.100000	1.000000	1.026711	2.505134	2.434960
0.935000	0.100000	1.000000	1.023697	2.505118	2.442130
0.945000	0.100000	1.000000	1.021053	2.505105	2.448454
0.955000	0.100000	1.000000	1.018781	2.505094	2.453912
0.965000	0.100000	1.000000	1.016893	2.505084	2.458469
0.975000	0.100000	1.000000	1.015407	2.505077	2.462067
0.985000	0.100000	1.000000	1.014358	2.505072	2.464614
0.995000	0.100000	1.000000	1.013796	2.505069	2.465980
